41 
0.00790435   0.996178454144   0.000226169
0.012875   0.995516544958   0.000327208
0.0190242   0.995093158443   0.000440119
0.0263684   0.994157131317   0.000564046
0.0316128   0.992784622234   0.000344603
0.0348699   0.992492254402   0.000698296
0.0445541   0.991359478284   0.000842377
0.0514877   0.989990252099   0.000507705
0.0554199   0.990608016351   0.000995877
0.0674657   0.987546864937   0.00115846
0.0760697   0.987795818984   0.000694686
0.0806893   0.985560085406   0.00132984
0.0950589   0.986467415904   0.00150973
0.105421   0.983035887293   0.000904872
0.11063   0.982545378649   0.00169804
0.127338   0.98010231883   0.00189448
0.139387   0.978242973762   0.00113732
0.154068   0.976728862603   0.00162444
0.178067   0.972369101093   0.00139172
0.194474   0.973138331517   0.00195821
0.221449   0.966474773241   0.00166763
0.239514   0.969149396694   0.00231671
0.26952   0.964110140094   0.0019645
0.289057   0.963509901969   0.00269927
0.322267   0.957679435612   0.00228196
0.343273   0.958792960291   0.00310608
0.379556   0.954468255111   0.00261942
0.402031   0.945924540195   0.0035361
0.4416   0.94121020276   0.00297667
0.465169   0.939615724067   0.00398828
0.508132   0.933110039043   0.00335294
0.532762   0.935682550464   0.00446375
0.604917   0.924289288706   0.00496115
0.614183   0.920624352748   0.00332218
0.6813   0.917474809445   0.00548047
0.775052   0.90424181403   0.00407501
0.953374   0.883359189694   0.00488426
1.14996   0.861202782854   0.00575053
1.36426   0.850422613042   0.00666317
1.59555   0.823238655562   0.00761786
1.8445   0.797004290266   0.00860429
