60
0.00799155 0.999038 0.00125492
0.00865731 0.998958 0.00141591
0.00934023 0.998876 0.00140456
0.0101272 0.998782 0.00141177
0.0110377 0.998672 0.00141944
0.0120834 0.998547 0.00139558
0.0132434 0.998407 0.00135175
0.0145384 0.998252 0.00129616
0.0160657 0.998068 0.00127119
0.0179287 0.997845 0.00125187
0.0179488 0.997842 0.000992958
0.0187443 0.997747 0.000994286
0.0196101 0.997643 0.00098874
0.0202933 0.997561 0.00122986
0.0205496 0.99753 0.000987492
0.0215668 0.997408 0.000989755
0.0226939 0.997273 0.000974852
0.0234099 0.997187 0.0012062
0.0239376 0.997124 0.000984078
0.0253048 0.99696 0.000977098
0.0268649 0.996773 0.000967689
0.0276462 0.996679 0.00118639
0.0286316 0.996561 0.000983869
0.0306199 0.996323 0.000981818
0.0328807 0.996052 0.000973256
0.0338766 0.995933 0.0011252
0.035471 0.995742 0.000959158
0.038456 0.995385 0.000955225
0.0419094 0.994972 0.000946623
0.0419228 0.994971 0.00123545
0.0458754 0.994499 0.000933694
0.0502747 0.993973 0.000933868
0.0522777 0.993734 0.0012138
0.0551858 0.993388 0.000925494
0.060978 0.992697 0.000908607
0.0659202 0.992109 0.00132747
0.0680423 0.991857 0.00088575
0.0770082 0.990791 0.000862783
0.081716 0.990232 0.00152553
0.0888242 0.989389 0.00083746
0.0991965 0.988161 0.00170164
0.104883 0.987489 0.000808805
0.118358 0.985899 0.00186476
0.128497 0.984705 0.000764018
0.139196 0.983447 0.00212674
0.158985 0.981127 0.000807562
0.161706 0.980809 0.00234688
0.185883 0.977987 0.0025513
0.198209 0.976553 0.000838169
0.211723 0.974984 0.00278712
0.239596 0.971761 0.00303269
0.249863 0.970578 0.000956188
0.309639 0.963732 0.00113002
0.37575 0.956244 0.00128726
0.448172 0.948141 0.00148271
0.526874 0.939452 0.00169363
0.611827 0.930206 0.00186774
0.702995 0.920434 0.00203482
0.800343 0.910169 0.00223008
0.905254 0.899298 0.00241669
